15
biofarmar_a
1
1
2.27235
376.202
0
0
0
10
-1
-1
-1
-1
-1
-1
-1
-1
-1
-1
biofarmar_c
1
2
1.30168
6.25324
0
0
0
10
-1
-1
-1
-1
-1
-1
-1
-1
-1
-1
biofarmar_d
1
1
2.83084
494.125
0
0
0
10
-1
-1
-1
-1
-1
-1
-1
-1
-1
-1
biofarmar_l
1
0
1.05628
4227.27
0
0
0
10
-1
-1
-1
-1
-1
-1
-1
-1
-1
-1
biofarmar_m
1
0
2.36296
378.887
0
0
0
10
-1
-1
-1
-1
-1
-1
-1
-1
-1
-1
biofarmar_n
1
2
1.76043
45.8846
0
0
0
10
-1
-1
-1
-1
-1
-1
-1
-1
-1
-1
biofarmar_ochucovadlovy
1
2
1.2934
26.3878
0
0
0
10
-1
-1
-1
-1
-1
-1
-1
-1
-1
-1
biofarmar_olejovy
1
1
1.49376
177.16
0
0
0
10
-1
-1
-1
-1
-1
-1
-1
-1
-1
-1
biofarmar_p
1
1
3.31086
250.465
0
0
0
10
-1
-1
-1
-1
-1
-1
-1
-1
-1
-1
biofarmar_v
1
2
1.03705
19.9408
0
0
0
10
-1
-1
-1
-1
-1
-1
-1
-1
-1
-1
biofarmar_vsetko
3
0
2.33525
2464.67
0
0
0
10
-1
-1
-1
-1
-1
-1
-1
-1
-1
-1
2
1.89434
10.0284
0
0
0
10
-1
-1
-1
-1
-1
-1
-1
-1
-1
-1
1
2.29972
59.2364
0
0
0
10
-1
-1
-1
-1
-1
-1
-1
-1
-1
-1
biofarmar_w
3
2
1.16794
40.4767
0
0
0
10
-1
-1
-1
-1
-1
-1
-1
-1
-1
-1
0
1.96506
1416.36
1.40548
2.81097
1
11
-1
2.81097
-1
-1
-1
-1
-1
-1
-1
-1
-1
1
2.66933
711.875
1.29072
2.58144
1
11
-1
2.58144
-1
-1
-1
-1
-1
-1
-1
-1
-1
biofarmar_y
3
0
2.06699
674.612
0.524659
1.04932
1
11
-1
1.04932
-1
-1
-1
-1
-1
-1
-1
-1
-1
1
2.62099
773.888
0
0
0
10
-1
-1
-1
-1
-1
-1
-1
-1
-1
-1
2
1.65047
26.3161
0
0
0
10
-1
-1
-1
-1
-1
-1
-1
-1
-1
-1
biofarmar_z
1
0
2.11728
3733.48
0
0
0
10
-1
-1
-1
-1
-1
-1
-1
-1
-1
-1
biofarmar_zemiakovy
1
0
1.34083
173.803
0
0
0
10
-1
-1
-1
-1
-1
-1
-1
-1
-1
-1
